1KG_ID SNPID CHR POS NEA EA AC_Allele2 EAF imputationInfo N BETA SE Tstat p.value varT varTstar P_gc SE_gc
1:4064051:A:G 1:4064051:A:G 1 4064051 A G 10.269021987915 0.00318320584483445 0.56267 1613 3.16547968428514 0.53697588760697 10.9781702485179 3.74652534495704e-09 3.46809057187081 7.02409145963377 3.15809922577193e-09 0.53697588760697
1:34658069:A:G 1:34658069:A:G 1 34658069 A G 11.5650024414062 0.00358493556268513 0.51586 1613 3.35219319951432 0.59545306399562 9.4543999871175 1.80574164565722e-08 2.82036249834505 5.71221648545652 1.54460960535148e-08 0.59545306399562
1:65806431:G:A 1:65806431:G:A 1 65806431 G A 11.0979976654053 0.00344017287716269 0.72786 1613 3.05510684667883 0.497441522299561 12.3464566526705 8.16736962805419e-10 4.04125199944878 8.18494300171739 6.78736330038544e-10 0.497441522299561
1:102641373:T:C 1:102641373:T:C 1 102641373 T C 18.8719997406006 0.00584996910765767 0.7995 1613 2.46322400221082 0.368005835301243 18.1884000353231 2.17988385451857e-11 7.38398132650481 14.9551342730993 1.75112022676941e-11 0.368005835301243
1:174266174:A:C 1:174266174:A:C 1 174266174 A C 23.5070171356201 0.00728673813864589 0.4621 1613 2.14481300005393 0.391343017784282 14.0047143135712 4.2377285862729e-08 6.52957358670386 13.2246609812949 3.65378513872305e-08 0.391343017784282
1:175368560:A:T 1:175368560:A:T 1 175368560 A T 10.8489980697632 0.00336298765614629 0.6204 1613 3.05080788091697 0.548485967851059 10.1410708516736 2.66341202284538e-08 3.32406078898206 6.73238097890776 2.28650591396775e-08 0.548485967851059
2:62516598:C:T 2:62516598:C:T 2 62516598 C T 11.2430028915405 0.00348512176424265 0.55488 1613 3.4338290226882 0.62169165608915 8.88440994822312 3.32570619925855e-08 2.58731867239793 5.24022156097781 2.8609814155672e-08 0.62169165608915
2:114423873:G:A 2:114423873:G:A 2 114423873 G A 21.0709934234619 0.00653161620721221 0.63446 1613 2.24963028231324 0.397096372092603 14.2665614304909 1.4685332927308e-08 6.34173603665261 12.8442245123587 1.25375024001454e-08 0.397096372092603
2:117353979:T:A 2:117353979:T:A 2 117353979 T A 10.7230043411255 0.00332393194548786 0.81183 1613 2.88571950844897 0.509785995848823 11.1039708638539 1.50801725032349e-08 3.84790373123342 7.79334540893195 1.2877775359868e-08 0.509785995848823
2:117365937:A:C 2:117365937:A:C 2 117365937 A C 10.7280035018921 0.00332548166625202 0.81577 1613 2.880900137843 0.509194377069605 11.1112010514313 1.53360404209245e-08 3.85685047026675 7.81146567192199 1.30983268507446e-08 0.509194377069605
2:149956783:G:T 2:149956783:G:T 2 149956783 G T 12.0259962081909 0.00372783513739705 0.4902 1613 2.92742877876223 0.504213703252487 11.5148172279171 6.40102230407031e-09 3.9334235256052 7.96655278193097 5.42270642912127e-09 0.504213703252487
2:190269509:A:G 2:190269509:A:G 2 190269509 A G 16.8120441436768 0.00521142082288861 0.39969 1613 2.67520160564646 0.490788216996851 11.1062708747599 5.01361579279776e-08 4.15156407327145 8.40836337658215 4.3295192633403e-08 0.490788216996851
2:207113467:G:A 2:207113467:G:A 2 207113467 G A 26.148006439209 0.00810539536178112 0.76002 1613 1.77331183354737 0.315588175274101 17.8050692661973 1.91988821050295e-08 10.0405743250355 20.3356604750537 1.64318656736687e-08 0.315588175274101
3:50239722:C:T 3:50239722:C:T 3 50239722 C T 11.0900230407715 0.00343770091421902 0.54497 1613 3.45739584776713 0.5979775622101 9.66895033319287 7.38987965410501e-09 2.79659916275925 5.66408745333308 6.26881923952212e-09 0.5979775622101
3:64253550:C:G 3:64253550:C:G 3 64253550 C G 15.8290233612061 0.00490670278668404 0.72408 1613 2.40996960410161 0.417982423846541 13.7941684412019 8.13099768108413e-09 5.72379353570483 11.5926756979601 6.90365546516754e-09 0.417982423846541
3:114900451:C:T 3:114900451:C:T 3 114900451 C T 11.184009552002 0.00346683501265943 0.3744 1613 3.8958123813893 0.641682235868142 9.46145657271708 1.26919525287891e-09 2.42862223497092 4.91880599592696 1.05909860911354e-09 0.641682235868142
3:127888122:G:A 3:127888122:G:A 3 127888122 G A 10.1200313568115 0.00313702155835927 0.46205 1613 3.35552008862072 0.604411362056028 9.18532660992155 2.82879276777111e-08 2.73737792274615 5.54414381357381 2.4298446973602e-08 0.604411362056028
3:134637702:C:T 3:134637702:C:T 3 134637702 C T 11.2290077209473 0.00348078343085945 0.63659 1613 3.31229777985153 0.581045698079157 9.81089873883925 1.19400127521878e-08 2.96196157196924 5.9990039332247 1.01740737864612e-08 0.581045698079157
3:182372283:G:A 3:182372283:G:A 3 182372283 G A 33.6459884643555 0.0104296309873462 0.87925 1613 1.44533940554992 0.263921200669951 20.7501522110049 4.34053419624222e-08 14.3565948117978 29.0771053746078 3.74325859529552e-08 0.263921200669951
4:34560857:A:G 4:34560857:A:G 4 34560857 A G 11.5949983596802 0.00359423388727009 0.91081 1613 2.45802986471892 0.44711436923328 12.2956049342311 3.85122383506095e-08 5.00221950543187 10.1312369383605 3.31758796863387e-08 0.44711436923328
4:45849627:T:C 4:45849627:T:C 4 45849627 T C 12.3440256118774 0.00382641842588782 0.64349 1613 2.88167013002458 0.50202110666945 11.4340559068624 9.45997662564935e-09 3.96785731570354 8.03629320131746 8.04337031842667e-09 0.50202110666945
4:95356486:A:G 4:95356486:A:G 4 95356486 A G 27.4889984130859 0.00852107815444469 0.75533 1613 1.89727166409316 0.311645443199739 19.534754527509 1.14388976106334e-09 10.2962347971639 20.8534619861816 9.53608991400205e-10 0.311645443199739
4:110193207:C:G 4:110193207:C:G 4 110193207 C G 10.3080015182495 0.00319528882391751 0.84955 1613 2.65478573664853 0.475997077935822 11.7171206627995 2.44259050897013e-08 4.41358430590016 8.9390456180398 2.09524538728908e-08 0.475997077935822
4:111475721:A:T 4:111475721:A:T 4 111475721 A T 14.9890184402466 0.00464631710201502 0.57918 1613 2.84324867431838 0.495704054823069 11.5709735941094 9.70654321303753e-09 4.06963122804702 8.2424208250605 8.25499324727136e-09 0.495704054823069
4:149327818:T:C 4:149327818:T:C 4 149327818 T C 28.9409885406494 0.00897116772830486 0.7452 1613 1.90138126693546 0.313877310313507 19.2996470171373 1.38063334102192e-09 10.150329843232 20.5579536309087 1.15299592713591e-09 0.313877310313507
4:149570192:G:A 4:149570192:G:A 4 149570192 G A 12.4510068893433 0.00385958049446344 0.58384 1613 3.64036263231074 0.567886250166243 11.28812839737 1.45164124619998e-10 3.10082525767626 6.2802512676338 1.18702304942466e-10 0.567886250166243
4:172209210:A:T 4:172209210:A:T 4 172209210 A T 13.8390464782715 0.00428984686732292 0.33855 1613 3.66679671515425 0.595421104503382 10.3428061645169 7.35183306317002e-10 2.82066527489017 5.71282971342756 6.10361944144219e-10 0.595421104503382
5:1031104:C:T 5:1031104:C:T 5 1031104 C T 19.5030136108398 0.00604557152837515 0.37877 1613 3.15340598959914 0.574123869699992 9.56684375953377 3.96163797358887e-08 3.0338128966229 6.14452789386076 3.41359991869479e-08 0.574123869699992
5:86174812:G:C 5:86174812:G:C 5 86174812 G C 23.7130012512207 0.00735058914870024 0.60689 1613 2.03488418320736 0.374674900387062 14.4954097084815 5.60183508395347e-08 7.12345686703113 14.4274814933082 4.84246738336783e-08 0.374674900387062
5:96767437:T:C 5:96767437:T:C 5 96767437 T C 19.9749984741211 0.00619187811389565 0.98958 1613 1.72501096670812 0.306803080393453 18.3262002991284 1.88175748783829e-08 10.6238166903372 21.5169294275547 1.6102506537144e-08 0.306803080393453
5:125890125:T:A 5:125890125:T:A 5 125890125 T A 25.725004196167 0.00797427259385586 0.75812 1613 1.98701395771391 0.323892392262978 18.9408481958135 8.5268200927804e-10 9.53231763787168 19.3062636407942 7.08893219514724e-10 0.323892392262978
5:126945171:G:T 5:126945171:G:T 5 126945171 G T 14.31103515625 0.00443615484982729 0.57554 1613 2.89605289356495 0.48991818391643 12.065890266581 3.39420171430934e-09 4.16632247753191 8.43825428605392 2.85847588756239e-09 0.48991818391643
6:11348620:A:G 6:11348620:A:G 6 11348620 A G 12.1610059738159 0.0037696857471019 0.60976 1613 3.08268448343588 0.556502706404569 9.9539284559369 3.03530273096823e-08 3.2289806204372 6.53981051801109 2.60893985937346e-08 0.556502706404569
6:38471642:C:T 6:38471642:C:T 6 38471642 C T 42.0169906616211 0.0130244856700301 0.85907 1613 1.37155698699282 0.241906852148912 23.4378362941573 1.4298667516878e-08 17.088488860784 34.6101424336017 1.22043563753668e-08 0.241906852148912
6:167487046:G:A 6:167487046:G:A 6 167487046 G A 111.01993560791 0.0344141162931919 0.73682 1613 0.923284772684292 0.156997696613542 37.4583903917558 4.08088466282079e-09 40.5707875836098 82.1699770150248 3.44268899394983e-09 0.156997696613542
7:7249590:G:A 7:7249590:G:A 7 7249590 G A 22.1700000762939 0.00687228748574853 0.59097 1613 2.17119171313624 0.380438632138753 15.0013018458988 1.14934312363647e-08 6.90924792828622 13.9936337762333 9.79006490753265e-09 0.380438632138753
7:33642079:G:A 7:33642079:G:A 7 33642079 G A 10.7260160446167 0.00332486559636891 0.55522 1613 3.76944683872011 0.515345723499527 14.1931982748212 2.58526187831191e-13 3.76532655376043 7.62609786016456 1.99201700640846e-13 0.515345723499527
7:34026340:C:T 7:34026340:C:T 7 34026340 C T 10.1520004272461 0.00314693129621446 0.94411 1613 2.60561269794495 0.421813652190095 14.6442993697549 6.5262692827371e-10 5.62029014569389 11.3830452795057 5.41219164094619e-10 0.421813652190095
7:49065897:T:G 7:49065897:T:G 7 49065897 T G 12.105019569397 0.00375233101658523 0.64978 1613 3.15264644934556 0.506284145628484 12.2994761510563 4.75360808184388e-10 3.90131793991979 7.90152778747192 3.93046942892771e-10 0.506284145628484
7:50220759:A:G 7:50220759:A:G 7 50220759 A G 14.0790100097656 0.00436423113569617 0.73239 1613 2.56198620311508 0.434297011528785 13.5832315730053 3.65363724313165e-09 5.301836347319 10.7380654097192 3.07907870116123e-09 0.434297011528785
7:124484127:A:G 7:124484127:A:G 7 124484127 A G 11.3050174713135 0.00350434519350529 0.43724 1613 3.20775051114402 0.561091241586866 10.1890478941786 1.08430344046335e-08 3.17638415418559 6.43328435274848 9.23104803285235e-09 0.561091241586866
8:6716513:C:T 8:6716513:C:T 8 6716513 C T 13.2070083618164 0.0040939268656075 0.63608 1613 3.00676723952172 0.487674315825652 12.6427061236465 7.02505312818888e-10 4.20475052324221 8.51608446438704 5.82984252772433e-10 0.487674315825652
8:24337818:C:A 8:24337818:C:A 8 24337818 C A 10.9229974746704 0.00338592613115907 0.50218 1613 3.8581974661976 0.705048542461304 7.76151342915856 4.44373092914332e-08 2.01169419065733 4.07438147625096 3.83309223732676e-08 0.705048542461304
8:42472319:A:G 8:42472319:A:G 8 42472319 A G 22.618989944458 0.00701146619394422 0.39355 1613 3.09830175381016 0.502711868318297 12.2598578872282 7.13001542371811e-10 3.95696057433771 8.01422350435327 5.91776745322759e-10 0.502711868318297
8:127369082:G:T 8:127369082:G:T 8 127369082 G T 14.6570014953613 0.00454339804127812 0.93618 1613 2.29864805759417 0.383509504404175 15.6286051621391 2.05096124045814e-09 6.79904220679018 13.770428801876 1.71914356728498e-09 0.383509504404175
8:136745493:G:A 8:136745493:G:A 8 136745493 G A 15.8830099105835 0.0049234377220273 0.68074 1613 2.61094298350687 0.453255527429661 12.70899386392 8.39040375684584e-09 4.86758766629593 9.85856056735116 7.12599073275364e-09 0.453255527429661
9:15548141:C:A 9:15548141:C:A 9 15548141 C A 16.4950275421143 0.00511315185576677 0.69115 1613 2.67862876225352 0.43021799235973 14.4722277790765 4.77844998137664e-10 5.40284939182877 10.9426520110633 3.95120230068365e-10 0.43021799235973
9:27102668:G:A 9:27102668:G:A 9 27102668 G A 11.081000328064 0.00343490391969681 0.71451 1613 2.92637200835507 0.48620740896166 12.3790235481533 1.75744156881735e-09 4.23016059229994 8.56754870540335 1.47098827840341e-09 0.48620740896166
9:92519735:C:T 9:92519735:C:T 9 92519735 C T 22.8720016479492 0.00708989519625902 0.40606 1613 2.64706621267505 0.470014247754474 11.9823708993969 1.78250485772915e-08 4.52666081491322 9.16806493711005 1.52454929732084e-08 0.470014247754474
10:12583920:G:T 10:12583920:G:T 10 12583920 G T 10.4460020065308 0.00323806633241475 0.66192 1613 2.98134681878844 0.506991849321565 11.5987328450418 4.09120419436204e-09 3.89043393809355 7.879483892513 3.45147601024192e-09 0.506991849321565
10:99242966:C:T 10:99242966:C:T 10 99242966 C T 24.8910007476807 0.00771574722602963 0.82911 1613 1.74251081239001 0.311300794756034 17.981048924848 2.1744626878588e-08 10.3190458257102 20.8996622648298 1.86322899409004e-08 0.311300794756034
11:113269157:G:A 11:113269157:G:A 11 113269157 G A 21.2599945068359 0.00659020291641355 0.85489 1613 1.8999908092265 0.344292948344483 16.0285872142742 3.41847995238345e-08 8.43613934153689 17.0861207552618 2.94154386176721e-08 0.344292948344483
11:122603682:C:T 11:122603682:C:T 11 122603682 C T 14.7250003814697 0.00456447619944811 0.95349 1613 2.04892862027256 0.376543818245565 14.4509295767611 5.28610313298603e-08 7.05291996694293 14.2846197002751 4.5670722127725e-08 0.376543818245565
11:126917692:A:G 11:126917692:A:G 11 126917692 A G 11.7710065841675 0.0036487930919975 0.69176 1613 2.79010914141181 0.48038098383046 12.0906479979978 6.3179218127985e-09 4.33339607348831 8.77663651517044 5.35165473449225e-09 0.48038098383046
12:57491724:C:G 12:57491724:C:G 12 57491724 C G 20.6109962463379 0.00638902559876442 0.89313 1613 2.01139187153141 0.346871286145739 16.7170633975271 6.68432067453595e-09 8.31119168479054 16.833058226915 5.66499307785371e-09 0.346871286145739
12:58109707:T:G 12:58109707:T:G 12 58109707 T G 19.7110195159912 0.00611004931852221 0.63155 1613 2.67129046691372 0.437914898442761 13.9296971003558 1.06053939841005e-09 5.21459469604198 10.5613706767069 8.83498762164872e-10 0.437914898442761
12:98445040:C:T 12:98445040:C:T 12 98445040 C T 23.831995010376 0.00738747511059046 0.64845 1613 2.46817200482608 0.368456085898076 18.1804217364123 2.10300439850531e-11 7.3659460122162 14.9186064793634 1.68879342061602e-11 0.368456085898076
12:103722433:T:C 12:103722433:T:C 12 103722433 T C 14.1980037689209 0.00440111709758639 0.95887 1613 2.31332051285698 0.385984344444549 15.5273173346099 2.05623238176912e-09 6.71213402912056 13.5944094690786 1.7236032185389e-09 0.385984344444549
12:127434730:C:T 12:127434730:C:T 12 127434730 C T 12.0120191574097 0.00372350262477994 0.55193 1613 3.9904710725663 0.662164190083137 9.10107694641212 1.67644449571413e-09 2.28070239851636 4.61921680169481 1.40257507638532e-09 0.662164190083137
13:69417751:A:T 13:69417751:A:T 13 69417751 A T 35.0059852600098 0.0108512043952942 0.78197 1613 1.5356742114511 0.278276291271918 19.8310942190248 3.41860051343061e-08 12.9136076331489 26.1545536972906 2.94164856734619e-08 0.278276291271918
13:104670033:T:C 13:104670033:T:C 13 104670033 T C 24.226993560791 0.00750991748645902 0.67516 1613 2.12270511692968 0.343738866845696 17.9652135879362 6.60203335779424e-10 8.46335812009601 17.1412482630523 5.47561315552219e-10 0.343738866845696
13:104708524:C:T 13:104708524:C:T 13 104708524 C T 39.1989288330078 0.0121509386226535 0.63918 1613 1.63367203036987 0.286855145337207 19.8536145134798 1.23291337921454e-08 12.152754129594 24.6135603219448 1.05087823856042e-08 0.286855145337207
13:104875954:A:G 13:104875954:A:G 13 104875954 A G 22.8640193939209 0.00708742067217827 0.54522 1613 2.93940115637687 0.398115654133108 18.5455770668235 1.54431487012004e-13 6.30930454204589 12.7785394388091 1.18418257309503e-13 0.398115654133108
14:32640703:A:G 14:32640703:A:G 14 32640703 A G 14.4000120162964 0.00446373596787453 0.54132 1613 2.91966727646728 0.440672994556658 15.0348980930204 3.46136675427826e-11 5.14952447294345 10.4295808088038 2.79263037810856e-11 0.440672994556658
14:33331623:C:T 14:33331623:C:T 14 33331623 C T 74.3549575805664 0.0230486541986465 0.66732 1613 1.20530080633162 0.206154480387405 28.3602393256953 5.01750941186228e-09 23.5295945847833 47.655625176613 4.24100421624913e-09 0.206154480387405
14:56830378:T:C 14:56830378:T:C 14 56830378 T C 31.2609901428223 0.00969032570719719 0.78279 1613 1.587593685156 0.289069623368141 18.9991621621724 3.97225907153506e-08 11.9672699254316 24.2378901981822 3.42283694382479e-08 0.289069623368141
15:79303581:C:T 15:79303581:C:T 15 79303581 C T 11.048002243042 0.00342467520385981 0.78791 1613 2.68475871478091 0.479796342245794 11.6624929770172 2.19832865886465e-08 4.34396316987798 8.79803856623157 1.88387037649924e-08 0.479796342245794
16:80769507:C:T 16:80769507:C:T 16 80769507 C T 12.1760263442993 0.00377434166148305 0.53609 1613 3.61227725682054 0.590412268912765 10.3626380556419 9.46212369564108e-10 2.86872720970564 5.8101718730035 7.87417049559537e-10 0.590412268912765
18:32483736:C:T 18:32483736:C:T 18 32483736 C T 10.5070066452026 0.00325697660446167 0.68655 1613 3.49556829595724 0.560517860822983 11.1259955004493 4.47986539763505e-10 3.18288603124046 6.44645291860517 3.70207397302963e-10 0.560517860822983
18:56474877:G:A 18:56474877:G:A 18 56474877 G A 14.4260110855103 0.00447179516777396 0.69697 1613 2.82838570368319 0.464060555143626 13.1337674698266 1.09530925177241e-09 4.64355602304294 9.4048184520718 9.12739424520238e-10 0.464060555143626
20:11621784:C:T 20:11621784:C:T 20 11621784 C T 21.7279930114746 0.00673527363687754 0.92427 1613 1.79612151291318 0.319288796437107 17.6184766431036 1.85097683382397e-08 9.80917856416503 19.8670034564313 1.58366797765191e-08 0.319288796437107
20:13518508:T:C 20:13518508:T:C 20 13518508 T C 14.5320081710815 0.0045046522282064 0.53602 1613 2.97639864962703 0.493731232086333 12.2098378966244 1.656130269522e-09 4.10221859835691 8.30842160120579 1.3854216889106e-09 0.493731232086333
20:43651694:A:G 20:43651694:A:G 20 43651694 A G 12.2420072555542 0.00379479466937482 0.53881 1613 3.01026436312192 0.549705390405005 9.96195661249262 4.34700746252254e-08 3.30932948432514 6.70254495557284 3.74889305132358e-08 0.549705390405005
X:113086340:A:T X:113086340:A:T X 113086340 A T NA 0.00781209 0.60865 742 2.88329 0.418577 NA 1.22229e-11 NA NA 9.76561432704652e-12 0.418577
